0.0	3506.0	3758.0	3704.0	3726.0	504275.0	5648.0	3768.0	3442.0	3914.0	3717.0	0.0	0.0	3589.0	3641.0	3392.0	0.0	3595.0	9299396.0	3456.0	3777.0	3477.0	71637.0	4162.0	3408.0	3410.0	4551.0	0.0	4020.0	0.0	3978.0	3802.0	5926.0	3459.0	3492.0	0.0	3735.0	4396.0	0.0	3500.0	3667.0	3360.0	0.0	3743.0	3579.0	3706.0	3665.0	3973.0	0.0	0.0	453044.0	2093230.0	0.0	0.0	3890.0	3404.0	3486.0	3469.0	0.0	3627.0	0.0	3865.0	0.0	3349.0
0.0	0.0	3859.0	1526120.0	5139.0	0.0	0.0	0.0	0.0	0.0	0.0	0.0	0.0	0.0	4318.0	7695224.0	0.0	11731.0	0.0	2038776.0	0.0	0.0	0.0	4344.0	66570.0	0.0	0.0	0.0	0.0	0.0	0.0	0.0	0.0	504305.0	0.0	0.0	0.0	0.0	0.0	0.0	4161.0	0.0	0.0	0.0	9310.0	32142.0	3819.0	4039.0	0.0	0.0	0.0	0.0	0.0	0.0	4345.0	7954.0	0.0	0.0	0.0	0.0	0.0	0.0	0.0	409463.0
0.0	0.0	0.0	0.0	0.0	0.0	0.0	0.0	0.0	0.0	0.0	0.0	0.0	0.0	0.0	0.0	0.0	0.0	0.0	0.0	0.0	0.0	0.0	0.0	0.0	0.0	0.0	0.0	0.0	0.0	0.0	0.0	0.0	0.0	0.0	0.0	0.0	0.0	0.0	0.0	0.0	0.0	0.0	0.0	0.0	0.0	0.0	0.0	0.0	0.0	0.0	0.0	0.0	0.0	0.0	0.0	0.0	0.0	0.0	0.0	0.0	0.0	0.0	0.0
0.0	0.0	6053.0	0.0	3873.0	0.0	0.0	0.0	0.0	0.0	0.0	0.0	0.0	0.0	9319876.0	0.0	0.0	3830.0	0.0	71521.0	0.0	0.0	0.0	4392.0	3890.0	0.0	0.0	0.0	0.0	0.0	0.0	0.0	0.0	3931.0	0.0	0.0	0.0	0.0	0.0	0.0	4356.0	0.0	0.0	0.0	3716.0	2086974.0	450032.0	4172.0	0.0	0.0	0.0	0.0	0.0	0.0	4600.0	3753.0	0.0	0.0	0.0	0.0	0.0	0.0	0.0	501908.0
0.0	0.0	4557.0	0.0	0.0	0.0	0.0	0.0	0.0	0.0	0.0	0.0	0.0	0.0	0.0	0.0	0.0	1591891.0	0.0	0.0	0.0	0.0	0.0	0.0	0.0	0.0	0.0	0.0	0.0	0.0	0.0	0.0	0.0	0.0	0.0	0.0	0.0	0.0	0.0	0.0	0.0	0.0	0.0	0.0	8094095.0	0.0	0.0	0.0	0.0	0.0	0.0	0.0	0.0	0.0	0.0	4567.0	0.0	0.0	0.0	0.0	0.0	0.0	0.0	0.0
0.0	3463.0	3677.0	3358.0	3846.0	0.0	23609.0	3792.0	3406.0	0.0	3541.0	0.0	0.0	3751.0	3668.0	3656.0	0.0	3516.0	0.0	3377.0	3720.0	5572.0	0.0	4070.0	3528.0	6276.0	0.0	0.0	0.0	0.0	4158.0	2079172.0	447041.0	3375.0	3845.0	0.0	3840.0	0.0	0.0	7878.0	3405.0	3566.0	0.0	486249.0	3495.0	3324.0	3493.0	3711.0	0.0	0.0	1493902.0	7893328.0	0.0	0.0	3705.0	3633.0	75920.0	3650.0	0.0	3438.0	0.0	3861.0	0.0	3577.0
0.0	3779.0	4249.0	5580.0	3893.0	0.0	0.0	0.0	3833.0	0.0	14568.0	0.0	0.0	2282313.0	6258.0	3809.0	0.0	3702.0	0.0	3579.0	599185.0	4162.0	0.0	4505.0	3635.0	61909.0	0.0	0.0	0.0	0.0	0.0	0.0	0.0	3707.0	0.0	0.0	14584.0	0.0	0.0	3980.0	3693.0	3966.0	0.0	0.0	3779.0	3525.0	4050.0	3926.0	0.0	0.0	0.0	0.0	0.0	0.0	4126.0	3541.0	0.0	3839.0	0.0	11363.0	0.0	15064.0	0.0	3521.0
0.0	3427.0	3572.0	3499.0	3573.0	0.0	11163.0	0.0	3537.0	0.0	2081955.0	0.0	0.0	3591.0	3503.0	3307.0	0.0	3418.0	0.0	3278.0	3679.0	23938.0	0.0	3995.0	3266.0	3432.0	0.0	0.0	0.0	0.0	0.0	3699.0	3836.0	3340.0	7757876.0	0.0	9088.0	0.0	0.0	3528.0	3685.0	455308.0	0.0	3774.0	3460.0	3350.0	3372.0	3979.0	0.0	0.0	0.0	0.0	0.0	0.0	3626.0	3220.0	1488133.0	3641.0	0.0	6567.0	0.0	571035.0	0.0	3165.0
0.0	7679371.0	3771.0	3953.0	5174.0	0.0	0.0	0.0	0.0	0.0	0.0	0.0	0.0	0.0	4061.0	1521279.0	0.0	9186.0	0.0	383773.0	0.0	0.0	0.0	4256.0	517659.0	0.0	0.0	0.0	0.0	0.0	0.0	0.0	0.0	2015493.0	0.0	0.0	0.0	0.0	0.0	0.0	61767.0	0.0	0.0	0.0	7496.0	3606.0	3697.0	4107.0	0.0	0.0	0.0	0.0	0.0	0.0	4164.0	5586.0	0.0	0.0	0.0	0.0	0.0	0.0	0.0	37707.0
0.0	3349.0	3614.0	3243.0	3912.0	4110.0	3694.0	506855.0	3310.0	0.0	3647.0	0.0	0.0	3521.0	3482.0	3434.0	0.0	3438.0	0.0	3298.0	3392.0	4714.0	1488075.0	4006.0	3594.0	3528.0	0.0	0.0	7811762.0	0.0	72453.0	3710.0	3480.0	3327.0	2089089.0	0.0	3606.0	0.0	0.0	4602.0	3357.0	5030.0	0.0	21168.0	3447.0	3193.0	3414.0	3663.0	0.0	0.0	4077.0	3818.0	0.0	0.0	3626.0	3446.0	427416.0	3667.0	0.0	3342.0	0.0	3833.0	0.0	3391.0
0.0	3700.0	3694.0	3764.0	3707.0	0.0	0.0	0.0	22658.0	0.0	0.0	0.0	0.0	11337.0	3749.0	3571.0	0.0	3540.0	0.0	3499.0	4013.0	1489009.0	0.0	4128.0	3702.0	3812.0	0.0	0.0	0.0	0.0	0.0	0.0	0.0	3676.0	0.0	0.0	564649.0	0.0	0.0	3948.0	6799.0	7822635.0	0.0	0.0	3582.0	3571.0	3557.0	4113.0	0.0	0.0	0.0	0.0	0.0	0.0	9220.0	3342.0	0.0	442578.0	0.0	2077214.0	0.0	0.0	0.0	3386.0
7863251.0	3490.0	3742.0	3385.0	3911.0	2064187.0	3834.0	3482.0	3420.0	3997.0	3480.0	0.0	0.0	3589.0	3733.0	3685.0	0.0	3579.0	1489363.0	3440.0	3457.0	3455.0	486755.0	4133.0	3593.0	3763.0	4305.0	0.0	76674.0	0.0	3848.0	6237.0	3730.0	3438.0	3621.0	0.0	3830.0	4033.0	0.0	3484.0	3468.0	3507.0	0.0	7822.0	3558.0	3387.0	3558.0	3774.0	0.0	0.0	23643.0	449388.0	0.0	0.0	3768.0	3698.0	5428.0	3654.0	0.0	3428.0	0.0	3799.0	0.0	3642.0
4055.0	3816.0	4126.0	3643.0	3992.0	5940.0	3925.0	3630.0	3964.0	5248.0	3728.0	31693.0	0.0	3784.0	3805.0	3627.0	4720.0	3925.0	4056.0	3765.0	3681.0	3950.0	9357.0	4347.0	3674.0	3610.0	4113.0	498928.0	7722.0	2017776.0	4013.0	3619.0	3625.0	3981.0	3529.0	0.0	3922.0	4035.0	4342.0	3774.0	3789.0	3527.0	363550.0	3737.0	4101.0	3659.0	3803.0	4096.0	4610.0	0.0	3871.0	3778.0	55322.0	0.0	3967.0	3662.0	3779.0	3735.0	7867486.0	3749.0	0.0	3941.0	1567128.0	3606.0
0.0	4105.0	4216.0	593472.0	3906.0	0.0	0.0	0.0	4028.0	0.0	0.0	0.0	0.0	0.0	2294405.0	61390.0	0.0	3814.0	0.0	3797.0	0.0	0.0	0.0	4577.0	3730.0	0.0	0.0	0.0	0.0	0.0	0.0	0.0	0.0	3710.0	0.0	0.0	15114.0	0.0	0.0	0.0	11456.0	0.0	0.0	0.0	3688.0	5498.0	6159.0	3967.0	0.0	0.0	0.0	0.0	0.0	0.0	14595.0	3560.0	0.0	4127.0	0.0	14573.0	0.0	0.0	0.0	3750.0
0.0	0.0	6785.0	0.0	4111.0	0.0	0.0	0.0	0.0	0.0	0.0	0.0	0.0	0.0	0.0	0.0	0.0	3891.0	0.0	4002.0	0.0	0.0	0.0	15203.0	4128.0	0.0	0.0	0.0	0.0	0.0	0.0	0.0	0.0	4093.0	0.0	0.0	0.0	0.0	0.0	0.0	14672.0	0.0	0.0	0.0	3878.0	593764.0	2297982.0	11852.0	0.0	0.0	0.0	0.0	0.0	0.0	15231.0	3989.0	0.0	0.0	0.0	0.0	0.0	0.0	0.0	62299.0
0.0	0.0	3929.0	7892119.0	4044.0	0.0	0.0	0.0	0.0	0.0	0.0	0.0	0.0	0.0	1493820.0	0.0	0.0	7953.0	0.0	486283.0	0.0	0.0	0.0	4281.0	4015.0	0.0	0.0	0.0	0.0	0.0	0.0	0.0	0.0	76224.0	0.0	0.0	0.0	0.0	0.0	0.0	4037.0	0.0	0.0	0.0	5728.0	448036.0	23880.0	3922.0	0.0	0.0	0.0	0.0	0.0	0.0	4289.0	6176.0	0.0	0.0	0.0	0.0	0.0	0.0	0.0	2082477.0
564151.0	4100.0	4772.0	4061.0	4400.0	4350.0	4637.0	4050.0	4041.0	4215.0	4099.0	55294.0	0.0	4603.0	4639.0	4051.0	0.0	4190.0	2322744.0	4050.0	4098.0	4027.0	4209.0	5200.0	4082.0	4033.0	15127.0	4656.0	4246.0	4603.0	4701.0	4078.0	4080.0	4058.0	3986.0	0.0	4654.0	11821.0	15426.0	4058.0	4161.0	3936.0	4541.0	4057.0	4178.0	4011.0	4572.0	4467.0	0.0	0.0	6756.0	6126.0	14838.0	0.0	4717.0	4064.0	3904.0	4144.0	0.0	4121.0	0.0	4658.0	0.0	4008.0
0.0	0.0	4586.0	0.0	0.0	0.0	0.0	0.0	0.0	0.0	0.0	0.0	0.0	0.0	0.0	0.0	0.0	0.0	0.0	0.0	0.0	0.0	0.0	0.0	0.0	0.0	0.0	0.0	0.0	0.0	0.0	0.0	0.0	0.0	0.0	0.0	0.0	0.0	0.0	0.0	0.0	0.0	0.0	0.0	0.0	0.0	0.0	0.0	0.0	0.0	0.0	0.0	0.0	0.0	0.0	8154731.0	0.0	0.0	0.0	0.0	0.0	0.0	0.0	0.0
0.0	3591.0	4262.0	3552.0	3906.0	61753.0	6268.0	11188.0	3531.0	4056.0	3770.0	0.0	0.0	4093.0	4130.0	3541.0	0.0	3680.0	0.0	3540.0	3624.0	3566.0	3950.0	4536.0	3588.0	3559.0	15025.0	0.0	4071.0	0.0	14527.0	3814.0	5575.0	3549.0	3634.0	0.0	3991.0	14556.0	0.0	3584.0	3759.0	3502.0	0.0	3690.0	3669.0	3502.0	4062.0	4065.0	0.0	0.0	2294707.0	593848.0	0.0	0.0	4053.0	3554.0	3537.0	3649.0	0.0	3719.0	0.0	4098.0	0.0	3498.0
0.0	0.0	4026.0	0.0	67687.0	0.0	0.0	0.0	0.0	0.0	0.0	0.0	0.0	0.0	0.0	0.0	0.0	1998557.0	0.0	0.0	0.0	0.0	0.0	4630.0	0.0	0.0	0.0	0.0	0.0	0.0	0.0	0.0	0.0	0.0	0.0	0.0	0.0	0.0	0.0	0.0	0.0	0.0	0.0	0.0	503505.0	1531878.0	4224.0	4374.0	0.0	0.0	0.0	0.0	0.0	0.0	0.0	419633.0	0.0	0.0	0.0	0.0	0.0	0.0	0.0	7763208.0
0.0	71708.0	3711.0	2070435.0	3741.0	0.0	0.0	0.0	3925.0	0.0	0.0	0.0	0.0	9240372.0	449908.0	499832.0	0.0	3588.0	0.0	3690.0	0.0	0.0	0.0	4221.0	3565.0	0.0	0.0	0.0	0.0	0.0	0.0	0.0	0.0	3607.0	0.0	0.0	4448.0	0.0	0.0	0.0	3870.0	0.0	0.0	0.0	3585.0	5864.0	5607.0	4002.0	0.0	0.0	0.0	0.0	0.0	0.0	4121.0	3394.0	0.0	3962.0	0.0	4280.0	0.0	0.0	0.0	3684.0
0.0	380246.0	3640.0	3638.0	3745.0	0.0	0.0	0.0	2026583.0	0.0	0.0	0.0	0.0	4030.0	3746.0	37032.0	0.0	3628.0	0.0	8981.0	3980.0	0.0	0.0	4113.0	4838.0	1523909.0	0.0	0.0	0.0	0.0	0.0	0.0	0.0	7277.0	0.0	0.0	4109.0	0.0	0.0	7839846.0	3783.0	0.0	0.0	0.0	3804.0	3446.0	3555.0	3862.0	0.0	0.0	0.0	0.0	0.0	0.0	3857.0	3343.0	0.0	526148.0	0.0	61232.0	0.0	0.0	0.0	5431.0
0.0	3644.0	3640.0	3350.0	3674.0	7750531.0	3764.0	3791.0	3472.0	0.0	3539.0	0.0	0.0	3683.0	3523.0	3340.0	0.0	3753.0	0.0	3594.0	3612.0	8980.0	0.0	4050.0	3356.0	7834.0	0.0	0.0	0.0	0.0	4118.0	414040.0	32476.0	3476.0	66395.0	0.0	3677.0	0.0	0.0	11464.0	3439.0	4542.0	0.0	2033448.0	3596.0	3300.0	3440.0	3745.0	0.0	0.0	4138.0	1511049.0	0.0	0.0	3670.0	3353.0	500313.0	3442.0	0.0	3436.0	0.0	3913.0	0.0	3297.0
0.0	0.0	4989.0	0.0	1651534.0	0.0	0.0	0.0	0.0	0.0	0.0	0.0	0.0	0.0	0.0	0.0	0.0	4656.0	0.0	0.0	0.0	0.0	0.0	0.0	0.0	0.0	0.0	0.0	0.0	0.0	0.0	0.0	0.0	0.0	0.0	0.0	0.0	0.0	0.0	0.0	0.0	0.0	0.0	0.0	4817.0	0.0	0.0	9554484.0	0.0	0.0	0.0	0.0	0.0	0.0	0.0	4512.0	0.0	0.0	0.0	0.0	0.0	0.0	0.0	0.0
0.0	0.0	3976.0	0.0	2056881.0	0.0	0.0	0.0	0.0	0.0	0.0	0.0	0.0	0.0	0.0	0.0	0.0	23305.0	0.0	1489000.0	0.0	0.0	0.0	72375.0	0.0	0.0	0.0	0.0	0.0	0.0	0.0	0.0	0.0	7831169.0	0.0	0.0	0.0	0.0	0.0	0.0	0.0	0.0	0.0	0.0	419310.0	3908.0	4075.0	507121.0	0.0	0.0	0.0	0.0	0.0	0.0	0.0	3909.0	0.0	0.0	0.0	0.0	0.0	0.0	0.0	4214.0
0.0	486309.0	3646.0	446934.0	3877.0	0.0	0.0	0.0	76902.0	0.0	0.0	0.0	0.0	1491562.0	24197.0	2076002.0	0.0	3522.0	0.0	7840.0	7927721.0	0.0	0.0	4113.0	3683.0	0.0	0.0	0.0	0.0	0.0	0.0	0.0	0.0	5593.0	0.0	0.0	4368.0	0.0	0.0	0.0	3573.0	0.0	0.0	0.0	3514.0	3657.0	3690.0	3755.0	0.0	0.0	0.0	0.0	0.0	0.0	3873.0	3699.0	0.0	4033.0	0.0	3907.0	0.0	0.0	0.0	6140.0
0.0	3709.0	4106.0	3647.0	4114.0	4147.0	4193.0	447177.0	3665.0	1512792.0	9434.0	0.0	0.0	3988.0	3974.0	3642.0	0.0	3798.0	0.0	3658.0	3770.0	3751.0	4127.0	4704.0	3796.0	3711.0	0.0	0.0	4324.0	0.0	2231785.0	3863.0	3890.0	3682.0	32624.0	0.0	4278.0	9200831.0	0.0	3754.0	3779.0	3860.0	0.0	3859.0	3802.0	3597.0	3906.0	4085.0	0.0	0.0	14585.0	4143.0	0.0	0.0	4324.0	3654.0	3753.0	3857.0	0.0	3739.0	0.0	12847.0	0.0	3599.0
4145.0	3502.0	3824.0	3397.0	4066.0	3890.0	3724.0	3678.0	3463.0	2069812.0	3474.0	4400.0	0.0	3599.0	3635.0	3588.0	0.0	3626.0	4199.0	3452.0	3434.0	3450.0	21119.0	4160.0	3747.0	3570.0	72279.0	0.0	419656.0	7895360.0	3942.0	3691.0	3492.0	3481.0	5174.0	0.0	3735.0	504843.0	0.0	3461.0	3511.0	3613.0	1486893.0	4718.0	3601.0	3369.0	3590.0	3817.0	0.0	0.0	3934.0	3675.0	0.0	0.0	3780.0	3656.0	4689.0	3809.0	0.0	3471.0	0.0	3763.0	0.0	3567.0
0.0	3539.0	3661.0	3366.0	3714.0	1528908.0	3849.0	61397.0	3688.0	0.0	3703.0	0.0	0.0	3583.0	3528.0	3350.0	0.0	3649.0	0.0	3489.0	3516.0	7236.0	7845631.0	4070.0	3396.0	5545.0	0.0	0.0	0.0	0.0	4148.0	37517.0	3603.0	3705.0	517321.0	0.0	3669.0	0.0	0.0	8999.0	3513.0	4672.0	0.0	381270.0	3825.0	3316.0	3461.0	3819.0	0.0	0.0	4016.0	3941.0	0.0	0.0	3689.0	3362.0	2016810.0	3470.0	0.0	3498.0	0.0	3812.0	0.0	3307.0
4168.0	3587.0	3730.0	3413.0	3763.0	37832.0	3772.0	3636.0	3735.0	515070.0	3523.0	1522816.0	0.0	3554.0	3575.0	3398.0	0.0	3696.0	4131.0	3536.0	3451.0	3721.0	387135.0	4118.0	3444.0	3380.0	4180.0	0.0	2052259.0	0.0	3915.0	5603.0	3508.0	3752.0	4718.0	0.0	3692.0	61730.0	0.0	3545.0	3560.0	3310.0	7804231.0	8982.0	3872.0	3385.0	3530.0	3866.0	0.0	0.0	3774.0	3699.0	0.0	0.0	3738.0	3433.0	7131.0	3506.0	0.0	3520.0	0.0	3736.0	0.0	3377.0
0.0	3743.0	4038.0	3666.0	3939.0	0.0	14861.0	9234300.0	3805.0	0.0	446075.0	0.0	0.0	4091.0	3957.0	3661.0	0.0	3766.0	0.0	3606.0	3876.0	3972.0	0.0	4636.0	3620.0	3786.0	0.0	0.0	0.0	0.0	0.0	4053.0	4034.0	3722.0	1518790.0	0.0	12915.0	0.0	0.0	3844.0	3696.0	32647.0	0.0	4090.0	3842.0	3529.0	3838.0	4002.0	0.0	0.0	0.0	0.0	0.0	0.0	4256.0	3587.0	4166.0	3893.0	0.0	9442.0	0.0	2214453.0	0.0	3531.0
0.0	7798.0	3656.0	3663.0	3825.0	0.0	1497801.0	0.0	5529.0	0.0	3893.0	0.0	0.0	23314.0	3874.0	6104.0	0.0	3495.0	0.0	3391.0	444598.0	76580.0	0.0	4048.0	3567.0	2057653.0	0.0	0.0	0.0	0.0	0.0	0.0	7840669.0	3402.0	0.0	0.0	3943.0	0.0	0.0	486024.0	3457.0	3834.0	0.0	0.0	3473.0	3338.0	3471.0	3690.0	0.0	0.0	0.0	0.0	0.0	0.0	3756.0	3611.0	0.0	3753.0	0.0	3541.0	0.0	4213.0	0.0	3591.0
0.0	3692.0	3657.0	5805.0	3625.0	0.0	9261637.0	0.0	3533.0	0.0	4202.0	0.0	0.0	450821.0	5527.0	3671.0	0.0	3496.0	0.0	3392.0	2070566.0	3862.0	0.0	4062.0	3367.0	500537.0	0.0	0.0	0.0	0.0	0.0	0.0	0.0	3408.0	0.0	0.0	3911.0	0.0	0.0	71623.0	3640.0	3698.0	0.0	0.0	3480.0	3641.0	3565.0	3873.0	0.0	0.0	0.0	0.0	0.0	0.0	3893.0	3303.0	0.0	3571.0	0.0	3773.0	0.0	4381.0	0.0	3284.0
0.0	0.0	3952.0	0.0	521733.0	0.0	0.0	0.0	0.0	0.0	0.0	0.0	0.0	0.0	0.0	0.0	0.0	385832.0	0.0	7705716.0	0.0	0.0	0.0	4553.0	0.0	0.0	0.0	0.0	0.0	0.0	0.0	0.0	0.0	0.0	0.0	0.0	0.0	0.0	0.0	0.0	0.0	0.0	0.0	0.0	2000233.0	3961.0	4052.0	61795.0	0.0	0.0	0.0	0.0	0.0	0.0	0.0	36752.0	0.0	0.0	0.0	0.0	0.0	0.0	0.0	1511276.0
0.0	4568.0	3538.0	3279.0	3836.0	0.0	3915.0	0.0	4645.0	0.0	502284.0	0.0	0.0	3570.0	3482.0	3470.0	0.0	3362.0	0.0	3223.0	3458.0	416235.0	0.0	3931.0	3530.0	3625.0	0.0	0.0	0.0	0.0	0.0	4008.0	3701.0	3251.0	0.0	0.0	3754.0	0.0	0.0	20747.0	3306.0	2040062.0	0.0	1501514.0	3371.0	3118.0	3338.0	3588.0	0.0	0.0	0.0	0.0	0.0	0.0	3575.0	3371.0	7859688.0	5163.0	0.0	3593.0	0.0	71823.0	0.0	3315.0
184238.0	192807.0	9873044.0	197511.0	254520.0	197051.0	170898.0	218813.0	178321.0	175601.0	215789.0	183799.0	130206.0	169655.0	173140.0	199777.0	120974.0	1922208.0	156080.0	212657.0	195448.0	175025.0	188843.0	242016.0	181205.0	202061.0	179500.0	166063.0	174793.0	167289.0	182039.0	197441.0	194599.0	178870.0	175689.0	0.0	184263.0	214316.0	158624.0	193538.0	221817.0	179227.0	181415.0	190322.0	242421.0	2226997.0	746923.0	307596.0	133113.0	128997.0	169919.0	193231.0	195850.0	110199.0	187244.0	8460822.0	175228.0	183003.0	131020.0	218796.0	120485.0	181898.0	125927.0	611891.0
0.0	4212.0	4149.0	4127.0	4195.0	0.0	0.0	0.0	4315.0	0.0	0.0	0.0	0.0	0.0	14820.0	4245.0	0.0	3893.0	0.0	3896.0	0.0	0.0	0.0	13331.0	32599.0	0.0	0.0	0.0	0.0	0.0	0.0	0.0	0.0	3932.0	0.0	0.0	0.0	0.0	0.0	0.0	447340.0	0.0	0.0	0.0	3879.0	3917.0	4121.0	9848.0	0.0	0.0	0.0	0.0	0.0	0.0	2231487.0	3857.0	0.0	1528891.0	0.0	9027820.0	0.0	0.0	0.0	3944.0
0.0	3490.0	3734.0	3562.0	3735.0	3887.0	3786.0	2073674.0	3484.0	7788886.0	6742.0	0.0	0.0	3628.0	3601.0	3370.0	0.0	3580.0	0.0	3440.0	3699.0	3693.0	3921.0	4156.0	3416.0	3451.0	0.0	0.0	1491371.0	0.0	568533.0	3603.0	3786.0	3502.0	442138.0	0.0	3743.0	0.0	0.0	3547.0	3835.0	3595.0	0.0	3652.0	3622.0	3512.0	3534.0	4141.0	0.0	0.0	11101.0	4039.0	0.0	0.0	3776.0	3382.0	23073.0	3490.0	0.0	3807.0	0.0	9218.0	0.0	3327.0
4184.0	3607.0	4196.0	3545.0	3906.0	3789.0	3922.0	9163.0	3548.0	32551.0	3708.0	4181.0	0.0	3837.0	3873.0	3541.0	0.0	3731.0	14653.0	3557.0	3582.0	3534.0	3768.0	4604.0	3588.0	3524.0	2212390.0	1516078.0	3834.0	4341.0	12756.0	3620.0	3615.0	3565.0	3642.0	0.0	4178.0	446548.0	0.0	3565.0	3770.0	3441.0	4182.0	3615.0	3685.0	3590.0	3901.0	4076.0	0.0	0.0	4070.0	3830.0	9037671.0	0.0	4223.0	3683.0	3462.0	3649.0	0.0	3730.0	0.0	4182.0	0.0	3593.0
0.0	2040688.0	3671.0	32304.0	3771.0	0.0	0.0	0.0	503606.0	0.0	0.0	0.0	0.0	4322.0	3838.0	410278.0	0.0	3785.0	0.0	11500.0	1518116.0	0.0	0.0	4159.0	4760.0	7803270.0	0.0	0.0	0.0	0.0	0.0	0.0	0.0	9075.0	0.0	0.0	4247.0	0.0	0.0	0.0	3672.0	0.0	0.0	0.0	3641.0	3596.0	3600.0	3854.0	0.0	0.0	0.0	0.0	0.0	0.0	3903.0	3385.0	0.0	66505.0	0.0	4006.0	0.0	0.0	0.0	7772.0
0.0	0.0	4119.0	0.0	449082.0	0.0	0.0	0.0	0.0	0.0	0.0	0.0	0.0	0.0	0.0	0.0	0.0	4022.0	0.0	4140.0	0.0	0.0	0.0	564611.0	7828783.0	0.0	0.0	0.0	0.0	0.0	0.0	0.0	0.0	1481770.0	0.0	0.0	0.0	0.0	0.0	0.0	0.0	0.0	0.0	0.0	25244.0	4166.0	14115.0	2082778.0	0.0	0.0	0.0	0.0	0.0	0.0	0.0	3824.0	0.0	0.0	0.0	0.0	0.0	0.0	0.0	4027.0
0.0	21323.0	3548.0	3432.0	3858.0	0.0	0.0	0.0	408788.0	0.0	0.0	0.0	0.0	3877.0	3616.0	3653.0	0.0	3372.0	0.0	4528.0	3765.0	7812151.0	0.0	3966.0	5112.0	4009.0	0.0	0.0	0.0	0.0	0.0	0.0	0.0	4672.0	0.0	0.0	72147.0	0.0	0.0	1491794.0	3643.0	0.0	0.0	0.0	3381.0	3240.0	3425.0	3623.0	0.0	0.0	0.0	0.0	0.0	0.0	3809.0	3381.0	0.0	2027637.0	0.0	503397.0	0.0	0.0	0.0	3437.0
1520133.0	3729.0	3725.0	3436.0	3759.0	413490.0	3694.0	3502.0	3544.0	66541.0	3500.0	7773912.0	0.0	3679.0	3608.0	3425.0	0.0	3838.0	4300.0	3679.0	3474.0	3543.0	2030400.0	4135.0	3441.0	3408.0	4272.0	0.0	508779.0	0.0	3830.0	7956.0	3642.0	3562.0	4617.0	0.0	3725.0	4053.0	0.0	3687.0	3524.0	3319.0	0.0	11512.0	3682.0	3386.0	3525.0	3830.0	0.0	0.0	3812.0	32530.0	0.0	0.0	3755.0	3438.0	8941.0	3503.0	0.0	3484.0	0.0	3874.0	0.0	3383.0
0.0	11443.0	3634.0	3593.0	3669.0	0.0	4195.0	0.0	9006.0	0.0	3932.0	0.0	0.0	3857.0	3631.0	7790.0	0.0	3748.0	0.0	3588.0	32504.0	507452.0	0.0	4044.0	3375.0	414877.0	0.0	0.0	0.0	0.0	0.0	7850850.0	1511962.0	3484.0	0.0	0.0	3821.0	0.0	0.0	2040884.0	3471.0	65873.0	0.0	0.0	3591.0	3295.0	3434.0	3739.0	0.0	0.0	0.0	0.0	0.0	0.0	3702.0	3347.0	0.0	4770.0	0.0	3580.0	0.0	4306.0	0.0	3292.0
0.0	0.0	4366.0	0.0	0.0	0.0	0.0	0.0	0.0	0.0	0.0	0.0	0.0	0.0	0.0	0.0	0.0	8093228.0	0.0	0.0	0.0	0.0	0.0	0.0	0.0	0.0	0.0	0.0	0.0	0.0	0.0	0.0	0.0	0.0	0.0	0.0	0.0	0.0	0.0	0.0	0.0	0.0	0.0	0.0	0.0	0.0	0.0	0.0	0.0	0.0	0.0	0.0	0.0	0.0	0.0	1633133.0	0.0	0.0	0.0	0.0	0.0	0.0	0.0	0.0
0.0	0.0	477221.0	0.0	4182.0	0.0	0.0	0.0	0.0	0.0	0.0	0.0	0.0	0.0	0.0	0.0	0.0	76805.0	0.0	0.0	0.0	0.0	0.0	4766.0	0.0	0.0	0.0	0.0	0.0	0.0	0.0	0.0	0.0	0.0	0.0	0.0	0.0	0.0	0.0	0.0	0.0	0.0	0.0	0.0	4055.0	0.0	9376101.0	4596.0	0.0	0.0	0.0	0.0	0.0	0.0	0.0	520532.0	0.0	0.0	0.0	0.0	0.0	0.0	0.0	0.0
0.0	0.0	2329664.0	0.0	4402.0	0.0	0.0	0.0	0.0	0.0	0.0	0.0	0.0	0.0	0.0	0.0	0.0	4116.0	0.0	0.0	0.0	0.0	0.0	19199.0	0.0	0.0	0.0	0.0	0.0	0.0	0.0	0.0	0.0	0.0	0.0	0.0	0.0	0.0	0.0	0.0	0.0	0.0	0.0	0.0	4199.0	0.0	0.0	18631.0	0.0	0.0	0.0	0.0	0.0	0.0	0.0	65150.0	0.0	0.0	0.0	0.0	0.0	0.0	0.0	0.0
0.0	0.0	4460.0	0.0	8095285.0	0.0	0.0	0.0	0.0	0.0	0.0	0.0	0.0	0.0	0.0	0.0	0.0	4400.0	0.0	0.0	0.0	0.0	0.0	0.0	0.0	0.0	0.0	0.0	0.0	0.0	0.0	0.0	0.0	0.0	0.0	0.0	0.0	0.0	0.0	0.0	0.0	0.0	0.0	0.0	1613633.0	0.0	0.0	0.0	0.0	0.0	0.0	0.0	0.0	0.0	0.0	4202.0	0.0	0.0	0.0	0.0	0.0	0.0	0.0	0.0
2056794.0	3908.0	4158.0	4104.0	4127.0	4191.0	4023.0	3957.0	3843.0	3942.0	4006.0	463889.0	0.0	3989.0	4041.0	3793.0	9350431.0	3997.0	422641.0	3857.0	4142.0	3830.0	4116.0	4563.0	3808.0	3775.0	4432.0	4470.0	4048.0	4494.0	4167.0	3820.0	4123.0	3861.0	3712.0	0.0	4135.0	4308.0	4803.0	3866.0	4068.0	3662.0	60853.0	3864.0	3981.0	4106.0	4066.0	4374.0	0.0	0.0	5988.0	6330.0	4777.0	0.0	4290.0	3804.0	3707.0	3870.0	0.0	4028.0	0.0	4124.0	0.0	3750.0
4241.0	3769.0	4524.0	3841.0	4013.0	3765.0	3877.0	3941.0	3763.0	3951.0	4052.0	4042.0	1558674.0	3843.0	3880.0	3648.0	12140.0	4046.0	4245.0	3749.0	3879.0	3749.0	3799.0	4435.0	3695.0	3631.0	9814.0	414434.0	3991.0	17856.0	3964.0	3640.0	3823.0	3780.0	3550.0	0.0	4009.0	7355.0	501828.0	3727.0	4113.0	3548.0	4098.0	3690.0	3931.0	3960.0	3982.0	4419.0	4680.0	0.0	3933.0	3963.0	2035617.0	0.0	4055.0	3943.0	3578.0	3756.0	4394.0	4073.0	7633390.0	4013.0	4565.0	3731.0
0.0	3591.0	4227.0	3552.0	3979.0	0.0	2295584.0	14047.0	3560.0	0.0	11083.0	0.0	0.0	6200.0	4095.0	3542.0	0.0	3645.0	0.0	3506.0	5594.0	3697.0	0.0	4483.0	3661.0	3770.0	0.0	0.0	0.0	0.0	14764.0	61359.0	593126.0	3529.0	4042.0	0.0	4042.0	0.0	0.0	3692.0	3613.0	3717.0	0.0	3905.0	3649.0	3467.0	4028.0	3920.0	0.0	0.0	0.0	0.0	0.0	0.0	4000.0	3519.0	3853.0	3783.0	0.0	3647.0	0.0	14244.0	0.0	3464.0
0.0	3479.0	3694.0	3675.0	3662.0	0.0	455016.0	4116.0	3427.0	0.0	3788.0	0.0	0.0	5512.0	3577.0	3364.0	0.0	3532.0	0.0	3393.0	5879.0	3564.0	0.0	4098.0	3344.0	3691.0	0.0	0.0	0.0	0.0	4357.0	505386.0	2086647.0	3396.0	3725.0	0.0	3775.0	0.0	0.0	3679.0	3603.0	3400.0	0.0	71748.0	3516.0	3642.0	3602.0	3909.0	0.0	0.0	9329579.0	0.0	0.0	0.0	3826.0	3340.0	3720.0	3466.0	0.0	3636.0	0.0	3936.0	0.0	3285.0
4208.0	3478.0	3873.0	3550.0	3722.0	3617.0	3649.0	6643.0	3472.0	447840.0	3773.0	4009.0	0.0	3553.0	3589.0	3358.0	0.0	3602.0	11539.0	3428.0	3588.0	3458.0	3650.0	4144.0	3404.0	3340.0	565428.0	7762101.0	23706.0	1496723.0	9390.0	3448.0	3631.0	3489.0	3573.0	0.0	3718.0	2093454.0	0.0	3436.0	3822.0	3269.0	4065.0	3498.0	3609.0	3556.0	3578.0	4129.0	0.0	0.0	3767.0	3815.0	0.0	0.0	3764.0	3460.0	3501.0	3466.0	0.0	3782.0	0.0	3734.0	0.0	3371.0
5497.0	5130.0	6033.0	5070.0	5412.0	5167.0	5571.0	4986.0	5070.0	5235.0	5109.0	5444.0	6033.0	5538.0	5574.0	5062.0	16622.0	5427.0	5844.0	5110.0	5107.0	5056.0	5147.0	6205.0	5093.0	5104.0	14384.0	23654.0	5183.0	5482.0	5728.0	5054.0	5053.0	5087.0	4937.0	0.0	5785.0	10880.0	2195473.0	5088.0	5170.0	4947.0	5446.0	5050.0	5238.0	5242.0	5653.0	5476.0	5936.0	9096158.0	5600.0	5181.0	386294.0	0.0	5833.0	5358.0	4885.0	5155.0	5743.0	5130.0	1543426.0	5789.0	5968.0	5145.0
0.0	0.0	4428.0	0.0	33224.0	0.0	0.0	0.0	0.0	0.0	0.0	0.0	0.0	0.0	0.0	0.0	0.0	4120.0	0.0	4239.0	0.0	0.0	0.0	2196533.0	1522465.0	0.0	0.0	0.0	0.0	0.0	0.0	0.0	0.0	4406.0	0.0	0.0	0.0	0.0	0.0	0.0	9121072.0	0.0	0.0	0.0	4166.0	4347.0	18466.0	452304.0	0.0	0.0	0.0	0.0	0.0	0.0	0.0	3992.0	0.0	0.0	0.0	0.0	0.0	0.0	0.0	4195.0
0.0	0.0	1657426.0	0.0	0.0	0.0	0.0	0.0	0.0	0.0	0.0	0.0	0.0	0.0	0.0	0.0	0.0	0.0	0.0	0.0	0.0	0.0	0.0	0.0	0.0	0.0	0.0	0.0	0.0	0.0	0.0	0.0	0.0	0.0	0.0	0.0	0.0	0.0	0.0	0.0	0.0	0.0	0.0	0.0	0.0	0.0	0.0	0.0	0.0	0.0	0.0	0.0	0.0	0.0	0.0	0.0	0.0	0.0	0.0	0.0	0.0	0.0	0.0	0.0
0.0	8795.0	3469.0	3286.0	3523.0	0.0	3954.0	0.0	7077.0	0.0	61519.0	0.0	0.0	3516.0	3412.0	5318.0	0.0	3457.0	0.0	3297.0	3466.0	2016843.0	0.0	3879.0	3217.0	37134.0	0.0	0.0	0.0	0.0	0.0	1526216.0	3708.0	3513.0	0.0	0.0	3602.0	0.0	0.0	381259.0	3346.0	516976.0	0.0	7996081.0	3633.0	3124.0	3269.0	3627.0	0.0	0.0	0.0	0.0	0.0	0.0	3523.0	3171.0	0.0	4689.0	0.0	3533.0	0.0	3910.0	0.0	3116.0
0.0	1489995.0	3839.0	3944.0	5645.0	0.0	0.0	0.0	7839143.0	0.0	0.0	0.0	0.0	0.0	4129.0	4242.0	0.0	4883.0	0.0	21281.0	0.0	0.0	0.0	4405.0	2079762.0	0.0	0.0	0.0	0.0	0.0	0.0	0.0	0.0	411200.0	0.0	0.0	0.0	0.0	0.0	0.0	505673.0	0.0	0.0	0.0	5008.0	3598.0	3765.0	4164.0	0.0	0.0	0.0	0.0	0.0	0.0	72330.0	3708.0	0.0	0.0	0.0	0.0	0.0	0.0	0.0	3826.0
22169.0	3863.0	3880.0	3569.0	3893.0	8061.0	3738.0	3511.0	3678.0	5059.0	3596.0	372968.0	0.0	3812.0	3741.0	3559.0	4813.0	3972.0	4021.0	3812.0	3607.0	3664.0	11655.0	4268.0	3574.0	3541.0	4031.0	62173.0	9300.0	481240.0	3839.0	3551.0	3551.0	3695.0	3442.0	0.0	3858.0	3813.0	4348.0	3821.0	3657.0	3428.0	2020893.0	3783.0	3815.0	3541.0	3680.0	3963.0	1555352.0	0.0	3790.0	3816.0	4219.0	0.0	3888.0	3593.0	3505.0	3636.0	0.0	3617.0	0.0	3970.0	7761402.0	3538.0
0.0	4032.0	3783.0	4003.0	4047.0	0.0	0.0	0.0	1482812.0	0.0	0.0	0.0	0.0	0.0	11316.0	3857.0	0.0	3666.0	0.0	3669.0	0.0	0.0	0.0	9698.0	445721.0	0.0	0.0	0.0	0.0	0.0	0.0	0.0	0.0	23489.0	0.0	0.0	0.0	0.0	0.0	0.0	2083590.0	0.0	0.0	0.0	3824.0	3741.0	3709.0	7167.0	0.0	0.0	0.0	0.0	0.0	0.0	562938.0	3468.0	0.0	7795218.0	0.0	0.0	0.0	0.0	0.0	3556.0
4053.0	3745.0	4234.0	3640.0	4308.0	3959.0	3890.0	3595.0	3706.0	5725.0	3692.0	4269.0	7917683.0	3841.0	3878.0	3830.0	4793.0	3868.0	4145.0	3694.0	3676.0	3692.0	4971.0	4403.0	3990.0	3812.0	4375.0	2042356.0	5129.0	392400.0	3960.0	3822.0	3622.0	3723.0	3845.0	0.0	3977.0	4098.0	60879.0	3703.0	3753.0	3843.0	17893.0	3666.0	3843.0	3656.0	3876.0	4060.0	4608.0	0.0	4052.0	3775.0	463645.0	0.0	4022.0	3899.0	3521.0	4051.0	1569304.0	3713.0	0.0	3981.0	4919.0	3809.0
0.0	4062.0	4099.0	3900.0	3984.0	0.0	0.0	0.0	3931.0	0.0	9245836.0	0.0	0.0	14904.0	4188.0	3879.0	0.0	3934.0	0.0	3861.0	4148.0	4298.0	0.0	4697.0	3876.0	4120.0	0.0	0.0	0.0	0.0	0.0	0.0	0.0	3775.0	0.0	0.0	2219218.0	0.0	0.0	4270.0	9542.0	1514359.0	0.0	0.0	3795.0	3677.0	3950.0	4062.0	0.0	0.0	0.0	0.0	0.0	0.0	12916.0	3662.0	0.0	32605.0	0.0	444647.0	0.0	0.0	0.0	3694.0
406755.0	3873.0	4123.0	3767.0	4292.0	6725.0	3987.0	3739.0	3803.0	4089.0	3788.0	2032849.0	0.0	3969.0	4113.0	4066.0	1553846.0	3962.0	17829.0	3822.0	3803.0	3789.0	8351.0	4515.0	3973.0	4108.0	4314.0	4584.0	6172.0	69450.0	4106.0	4093.0	3785.0	3820.0	3877.0	0.0	4213.0	4041.0	4610.0	3831.0	3850.0	3827.0	449781.0	3829.0	3940.0	3769.0	3938.0	4156.0	7836916.0	0.0	4192.0	4152.0	4425.0	0.0	4150.0	4078.0	3666.0	4035.0	0.0	3810.0	0.0	4109.0	0.0	4023.0
0.0	0.0	29325.0	0.0	4298.0	0.0	0.0	0.0	0.0	0.0	0.0	0.0	0.0	0.0	0.0	0.0	0.0	489275.0	0.0	0.0	0.0	0.0	0.0	4570.0	0.0	0.0	0.0	0.0	0.0	0.0	0.0	0.0	0.0	0.0	0.0	0.0	0.0	0.0	0.0	0.0	0.0	0.0	0.0	0.0	73500.0	7956369.0	1508043.0	4261.0	0.0	0.0	0.0	0.0	0.0	0.0	0.0	2077555.0	0.0	0.0	0.0	0.0	0.0	0.0	0.0	0.0
